{
    "experiment_number": 12,
    "experiment_type": "all",
    "start": "2022-03-08 00:40:10.820667",
    "duration": 49.538256,
    "square": "[[5.74560e-02 9.91290e-02 1.19967e-01 1.40000e-04 2.80000e-04 2.65830e-02]\n [9.91290e-02 5.74930e-02 1.20089e-01 2.81000e-04 1.40000e-04 2.65830e-02]\n [1.19967e-01 1.20089e-01 1.85000e-04 2.50000e-05 2.50000e-05 2.60000e-05]\n [1.40000e-04 2.81000e-04 2.50000e-05 4.10000e-05 2.60000e-05 1.40000e-04]\n [2.80000e-04 1.40000e-04 2.50000e-05 2.60000e-05 4.10000e-05 1.40000e-04]\n [2.65830e-02 2.65830e-02 2.60000e-05 1.40000e-04 1.40000e-04 2.08790e-02]]"
}